{
 "cells": [
  {
   "cell_type": "markdown",
   "metadata": {},
   "source": [
    "# Import libraries"
   ]
  },
  {
   "cell_type": "code",
   "execution_count": 1,
   "metadata": {
    "id": "ubLN32biz3WA"
   },
   "outputs": [],
   "source": [
    "\n",
    "import numpy as np\n",
    "import pandas as pd\n",
    "from pyscf import gto, scf, dft, tools, cc, lo, ao2mo\n",
    "import ipywidgets as widgets\n",
    "from rdkit import Chem, RDLogger\n",
    "from rdkit.Chem import AllChem, rdCoordGen, rdDetermineBonds\n",
    "from rdkit.Geometry import Point3D\n",
    "from rdkit.Chem.Draw import IPythonConsole, MolToImage\n",
    "import py3Dmol\n",
    "import cube_tools\n",
    "import matplotlib.pyplot as plt\n",
    "from IPython.display import Markdown, display, clear_output\n",
    "import sys"
   ]
  },
  {
   "cell_type": "markdown",
   "metadata": {
    "id": "xEElTosxmv3b"
   },
   "source": [
    "# Calculations"
   ]
  },
  {
   "cell_type": "markdown",
   "metadata": {},
   "source": [
    "## Set up molecule\n"
   ]
  },
  {
   "cell_type": "code",
   "execution_count": 2,
   "metadata": {},
   "outputs": [
    {
     "data": {
      "application/vnd.jupyter.widget-view+json": {
       "model_id": "db0f76e742594742a56508365fc94729",
       "version_major": 2,
       "version_minor": 0
      },
      "text/plain": [
       "VBox(children=(Textarea(value='2\\nhydrogen dimer\\nH 0.0 0.0 0.0\\nH 0.0 0.0 0.7408', description='XYZ Input:', …"
      ]
     },
     "metadata": {},
     "output_type": "display_data"
    }
   ],
   "source": [
    "# --- Step 1: widget for XYZ input ---\n",
    "xyz_input = widgets.Textarea(\n",
    "    value=\"2\\nhydrogen dimer\\nH 0.0 0.0 0.0\\nH 0.0 0.0 0.7408\",\n",
    "    description=\"XYZ Input:\",\n",
    "    layout=widgets.Layout(width=\"700px\", height=\"200px\"),\n",
    "    style={'description_width':'initial'}\n",
    ")\n",
    "\n",
    "output = widgets.Output()\n",
    "\n",
    "# --- Step 2: function to render molecule ---\n",
    "def render_molecule(_):\n",
    "    global mol, xyz_geom\n",
    "    with output:\n",
    "        clear_output()\n",
    "        xyz_string = xyz_input.value\n",
    "        \n",
    "        raw_mol = Chem.MolFromXYZBlock(xyz_string)\n",
    "        mol = Chem.Mol(raw_mol)\n",
    "        rdDetermineBonds.DetermineConnectivity(mol)\n",
    "        \n",
    "        # format structure into readable xyz coordinates\n",
    "        xyz_geom = []\n",
    "        for lines in Chem.MolToXYZBlock(mol).split(\"\\n\")[2:]:\n",
    "            strip = lines.strip()\n",
    "            if strip:\n",
    "                xyz_geom.append(strip)\n",
    "        xyz_geom = \"\\n\".join(xyz_geom)\n",
    "\n",
    "        # print.xyz coordinates of structure\n",
    "        print('\\n XYZ coordinates (\\u00C5): \\n')\n",
    "        print(xyz_geom)\n",
    "        \n",
    "        view = py3Dmol.view(\n",
    "            data=Chem.MolToMolBlock(mol),\n",
    "            style={\"stick\": {}, \"sphere\": {\"scale\": 0.3}},\n",
    "            width=400,\n",
    "            height=300,\n",
    "        )\n",
    "        view.zoomTo()\n",
    "        view.show()\n",
    "\n",
    "# --- Step 3: button to trigger rendering ---\n",
    "build_button = widgets.Button(description=\"Render Molecule\")\n",
    "build_button.on_click(render_molecule)\n",
    "\n",
    "# --- Step 4: layout ---\n",
    "display(widgets.VBox([xyz_input, build_button, output]))\n"
   ]
  },
  {
   "cell_type": "markdown",
   "metadata": {},
   "source": [
    "## SCF calculations"
   ]
  },
  {
   "cell_type": "code",
   "execution_count": 3,
   "metadata": {
    "id": "i-aUtD3fY-F2",
    "scrolled": true
   },
   "outputs": [
    {
     "data": {
      "application/vnd.jupyter.widget-view+json": {
       "model_id": "bcb0574cf4094d569a0d41c8ff5590e0",
       "version_major": 2,
       "version_minor": 0
      },
      "text/plain": [
       "VBox(children=(HBox(children=(Dropdown(description='Basis set: ', layout=Layout(width='auto'), options=(('STO-…"
      ]
     },
     "metadata": {},
     "output_type": "display_data"
    },
    {
     "name": "stdout",
     "output_type": "stream",
     "text": [
      "[All basis sets](https://pyscf.org/_modules/pyscf/gto/basis.html)\n"
     ]
    },
    {
     "data": {
      "text/markdown": [
       "<br>"
      ],
      "text/plain": [
       "<IPython.core.display.Markdown object>"
      ]
     },
     "metadata": {},
     "output_type": "display_data"
    }
   ],
   "source": [
    "### scf widgets configure ###\n",
    "basis_options = [('STO-3G', 1), ('3-21G', 2), ('6-31G', 3), ('6-31+G*', 4),\n",
    "                 ('Other basis', 5)]\n",
    "basis_dropdown = widgets.Dropdown(description='Basis set: ', options=basis_options,\n",
    "                                  layout=widgets.Layout(width='auto'), style={'description_width': 'initial'})\n",
    "custom_basis_input = widgets.Text(value='ccpvtz',\n",
    "                                   description='Custom basis: ', style={'description_width': 'initial'},\n",
    "                                   layout = widgets.Layout(width='240px'),\n",
    "                                   disabled=True)\n",
    "\n",
    "spin_input = widgets.IntText(\n",
    "    value=0,\n",
    "    description='Spin:',\n",
    "    layout = widgets.Layout(width='150px'),\n",
    "    style={'description_width': 'initial'},\n",
    "    disabled=False\n",
    ")\n",
    "\n",
    "def on_dropdown_change(change):\n",
    "    # Display or hide custom basis input based on dropdown selection\n",
    "    if change['new'] == 5:\n",
    "        custom_basis_input.disabled = False\n",
    "    else:\n",
    "        custom_basis_input.disabled = True\n",
    "# Add observer to handle dropdown value changes\n",
    "basis_dropdown.observe(on_dropdown_change, names='value')\n",
    "\n",
    "def run_calculation(basis_num, custom_basis, method, spin_input, xyz_struc=xyz_geom):\n",
    "    '''\n",
    "    Performs a HF or DFT single-point calculation on a molecule.\n",
    "    Energy results are displayed in a Markdown table.\n",
    "    Args:\n",
    "      xyz_struc : str Cortesian coordinates\n",
    "      basis_num : int index in basis dropdown\n",
    "      custom_basis : str custom basis input\n",
    "    '''\n",
    "    global basis_sets\n",
    "    basis1       = 'sto3g', 'STO-3G'\n",
    "    basis2       = '321g', '3-21G'\n",
    "    basis3       = '631g', '6-31G'\n",
    "    basis4       = '631+g*', '6-31+G*'\n",
    "    custom       = custom_basis, 'Custom Basis'\n",
    "\n",
    "    # list of tuples of pyscf basis definition and name\n",
    "    basis_sets = [basis1, basis2, basis3, basis4, custom]\n",
    "    basis = basis_sets[basis_num-1][0] # user-selected basis from the list\n",
    "\n",
    "    global mf, mol_quantum\n",
    "    # create pyscf object from input structure\n",
    "    mol_quantum = gto.M(atom=xyz_struc, basis=basis, unit=\"ANG\", spin=spin_input)\n",
    "    mol_quantum.build()\n",
    "    if method == 'hf':\n",
    "        print(f\"\\n HF is running \\u231B ...\")\n",
    "        mf = scf.RHF(mol_quantum).run(verbose=4)\n",
    "        mf.dump_scf_summary()\n",
    "    elif method == 'dft':\n",
    "        print(f\"\\n DFT-b3lyp is running \\u231B ...\")\n",
    "        mf = dft.RKS(mol_quantum)\n",
    "        mf.xc = 'b3lyp'\n",
    "        mf.run(verbose=4)\n",
    "        mf.dump_scf_summary()\n",
    "    elif method == 'cc':\n",
    "        print(f\"\\n CC is running \\u231B ...\")\n",
    "        mf = scf.RHF(mol_quantum).run(verbose=4)\n",
    "        mycc = cc.CCSD(mf).run(verbose=4)\n",
    "        mf.dump_scf_summary()\n",
    "\n",
    "    print(\"\\n \\033[1m SCF finished! \\033[0m \\n\")\n",
    "\n",
    "    mos        = mf.mo_coeff\n",
    "    elec_ener  = mf.energy_elec()[0] # electronic energy\n",
    "    nuc_ener   = mf.energy_nuc()     # nuclear     \"\n",
    "    total_ener = mf.energy_tot()     # total       \"\n",
    "    elec_ener_ev  = elec_ener*27.2114\n",
    "    nuc_ener_ev   = nuc_ener*27.2114\n",
    "    total_ener_ev = total_ener*27.2114\n",
    "    corr_ener, corr_ener_ev = 0.0, 0.0\n",
    "    if method == 'cc':\n",
    "      corr_ener = mycc.e_corr\n",
    "      corr_ener_ev = mycc.e_corr*27.2114\n",
    "      total_ener_ev = total_ener_ev + corr_ener_ev\n",
    "      total_ener = total_ener + mycc.e_corr\n",
    "\n",
    "### electronic button configure ###\n",
    "properties_button = widgets.Button(description='Properties',\n",
    "                                   layout=widgets.Layout(width='auto'))\n",
    "properties_button.style.font_weight = 'bold'\n",
    "\n",
    "def elec_properties(b):\n",
    "  '''\n",
    "  Prints dipole moment and Mulliken charges from HF calculation result.\n",
    "  Args:\n",
    "    b : Button click.\n",
    "  '''\n",
    "  mf.dip_moment(verbose=3)\n",
    "  print(\"\\n===============================\")\n",
    "  mf.mulliken_pop(verbose=3)\n",
    "  print(\" \")\n",
    "  for atom in mol.GetAtoms():\n",
    "    atom.SetProp('molAtomMapNumber', str(atom.GetIdx()+1))\n",
    "  display(mol)\n",
    "  properties_button.disabled = True\n",
    "\n",
    "properties_button.on_click(elec_properties) # link button + function\n",
    "\n",
    "### scf button configure ###\n",
    "scf_button = widgets.Button(description='HF-SCF',layout=widgets.Layout(width='auto'))\n",
    "scf_button.style.font_weight = 'bold'\n",
    "\n",
    "### dft button configure ###\n",
    "dft_button = widgets.Button(description='DFT-SCF',layout=widgets.Layout(width='auto'))\n",
    "dft_button.style.font_weight = 'bold'\n",
    "\n",
    "### cc button configure ###\n",
    "cc_button = widgets.Button(description='CC-SCF',layout=widgets.Layout(width='auto'))\n",
    "cc_button.style.font_weight = 'bold'\n",
    "\n",
    "def click_scf(b):\n",
    "  '''Runs the HF calculation.\n",
    "  Args:\n",
    "    b : button click.\n",
    "  '''\n",
    "  global calc_method\n",
    "  calc_method = 'HF'\n",
    "  run_calculation(basis_dropdown.value, custom_basis_input.value, 'hf', spin_input.value, xyz_geom)\n",
    "  display(Markdown('---'))\n",
    "  display(properties_button)\n",
    "  display(Markdown('<br>'))\n",
    "  scf_button.disabled = True\n",
    "  basis_dropdown.disabled = True\n",
    "  custom_basis_input.disabled = True\n",
    "  dft_button.disabled = True\n",
    "  properties_button.disabled = False\n",
    "\n",
    "scf_button.on_click(click_scf) # link button + function\n",
    "\n",
    "def click_dft(b):\n",
    "  '''Runs the DFT calculation.\n",
    "  Args:\n",
    "    b : button click.\n",
    "  '''\n",
    "  global calc_method\n",
    "  calc_method = 'DFT'\n",
    "  run_calculation(basis_dropdown.value, custom_basis_input.value, 'dft', spin_input.value, xyz_geom)\n",
    "  display(Markdown('---'))\n",
    "  display(properties_button)\n",
    "  display(Markdown('<br>'))\n",
    "  scf_button.disabled = True\n",
    "  basis_dropdown.disabled = True\n",
    "  custom_basis_input.disabled = True\n",
    "  dft_button.disabled = True\n",
    "  properties_button.disabled = False\n",
    "\n",
    "dft_button.on_click(click_dft) # link button + function\n",
    "\n",
    "def click_cc(b):\n",
    "  '''Runs the DFT calculation.\n",
    "  Args:\n",
    "    b : button click.\n",
    "  '''\n",
    "  global calc_method\n",
    "  calc_method = 'CC'\n",
    "  run_calculation(basis_dropdown.value, custom_basis_input.value, 'cc', spin_input.value, xyz_geom)\n",
    "  display(Markdown('---'))\n",
    "  display(properties_button)\n",
    "  display(Markdown('<br>'))\n",
    "  scf_button.disabled = True\n",
    "  basis_dropdown.disabled = True\n",
    "  custom_basis_input.disabled = True\n",
    "  dft_button.disabled = True\n",
    "  properties_button.disabled = False\n",
    "\n",
    "cc_button.on_click(click_cc) # link button + function\n",
    "\n",
    "### setting up the display ###\n",
    "top_panel = widgets.HBox([basis_dropdown, scf_button, dft_button, cc_button])\n",
    "bottom_panel = widgets.HBox([custom_basis_input, spin_input])\n",
    "panel = widgets.VBox([top_panel, bottom_panel])\n",
    "display(panel)\n",
    "basis_link = \"[All basis sets](https://pyscf.org/_modules/pyscf/gto/basis.html)\"\n",
    "print(basis_link)"
   ]
  },
  {
   "cell_type": "code",
   "execution_count": 14,
   "metadata": {
    "id": "mhkTVfdfLkkQ"
   },
   "outputs": [
    {
     "name": "stdout",
     "output_type": "stream",
     "text": [
      "  Atom 0 (O): AO indices from 0 to 8\n",
      "  Atom 1 (H): AO indices from 9 to 10\n",
      "  Atom 2 (H): AO indices from 11 to 12\n",
      "  Atom 3 (O): AO indices from 13 to 21\n",
      "  Atom 4 (H): AO indices from 22 to 23\n",
      "  Atom 5 (H): AO indices from 24 to 25\n"
     ]
    }
   ],
   "source": [
    "#!/usr/bin/env python\n",
    "#\n",
    "# Author: Paul J. Robinson <pjrobinson@ucla.edu>\n",
    "#\n",
    "\n",
    "# '''\n",
    "# IBO generation, cube generation, and population analysis\n",
    "# '''\n",
    "\n",
    "# from pyscf import lo\n",
    "# from functools import reduce\n",
    "\n",
    "# mo_occ = mf.mo_coeff[:,mf.mo_occ>0]\n",
    "# a = lo.iao.iao(mol_quantum, mo_occ)\n",
    "\n",
    "# # Orthogonalize IAO\n",
    "# a = lo.vec_lowdin(a, mf.get_ovlp())\n",
    "\n",
    "# print(mf.mo_coeff)\n",
    "# print(a)\n",
    "\n",
    "# #\n",
    "# # Method 1, using Knizia's alogrithm to localize IAO orbitals\n",
    "# #\n",
    "# '''\n",
    "# Generate IBOS from orthogonal IAOs\n",
    "# '''\n",
    "\n",
    "# ibo = lo.ibo.ibo(mol_quantum, mo_occ, iaos=a)\n",
    "# print(ibo)\n",
    "\n",
    "# '''\n",
    "# Print the IBOS into Gausian Cube files\n",
    "# '''\n",
    "\n",
    "# for i in range(ibo.shape[1]):\n",
    "#     tools.cubegen.orbital(mol_quantum, f'{molecule_name}_ibo1_{i+1:02d}.cube'.format(i+1), ibo[:,i])\n",
    "\n",
    "# Get and print AO labels and atom-to-AO mapping\n",
    "# ao_labels = mol_quantum.ao_labels()\n",
    "# print(\"AO labels:\")\n",
    "# for i, label in enumerate(ao_labels):\n",
    "#     print(f\"  {i}: {label}\")\n",
    "\n",
    "# AO offsets for each atom. Return a list, each item of the list gives (start-shell-id, stop-shell-id, start-AO-id, stop-AO-id)\n",
    "atom_to_ao_map = mol_quantum.aoslice_by_atom()\n",
    "for i, (startshellid, stopshellid, startAOid, stopAOid) in enumerate(atom_to_ao_map):\n",
    "     atom_symbol = mol_quantum.atom_symbol(i)\n",
    "     print(f\"  Atom {i} ({atom_symbol}): AO indices from {startAOid} to {stopAOid-1}\")\n",
    "\n",
    "# Get NAOs\n",
    "C_nao = lo.orth_ao(mf, 'nao')\n",
    "#print(C_nao)\n"
   ]
  },
  {
   "cell_type": "code",
   "execution_count": 15,
   "metadata": {
    "id": "J2QkqKuYHSE6"
   },
   "outputs": [
    {
     "name": "stdout",
     "output_type": "stream",
     "text": [
      "Orbitals cutoff: \n",
      " [[0, 1, 2, 3, 4, 5, 6, 7, 8, 9, 10, 11, 12], [13, 14, 15, 16, 17, 18, 19, 20, 21, 22, 23, 24, 25]]\n"
     ]
    }
   ],
   "source": [
    "def parse_range(spec: str):\n",
    "    \"\"\"\n",
    "    Parse a string like '1-3,5,7-9' into a list of integers [1,2,3,5,7,8,9].\n",
    "    \"\"\"\n",
    "    numbers = []\n",
    "    for part in spec.split(','):\n",
    "        part = part.strip()\n",
    "        if '-' in part:\n",
    "            start, end = part.split('-')\n",
    "            numbers.extend(range(int(start), int(end) +1))\n",
    "        else:\n",
    "            numbers.append(int(part))\n",
    "    return numbers\n",
    "\n",
    "\n",
    "# User specifies occupied and virtual ranges\n",
    "fragment_1_spec = \"0-12\"\n",
    "fragment_2_spec = \"13-25\"\n",
    "\n",
    "fragment_1_orbitals = parse_range(fragment_1_spec)\n",
    "fragment_2_orbitals = parse_range(fragment_2_spec)\n",
    "\n",
    "fragments_tstb = [fragment_1_orbitals, fragment_2_orbitals]\n",
    "\n",
    "print(\"Orbitals cutoff: \\n\", fragments_tstb)"
   ]
  },
  {
   "cell_type": "code",
   "execution_count": 16,
   "metadata": {},
   "outputs": [
    {
     "ename": "",
     "evalue": "",
     "output_type": "error",
     "traceback": [
      "\u001b[1;31mThe Kernel crashed while executing code in the current cell or a previous cell. \n",
      "\u001b[1;31mPlease review the code in the cell(s) to identify a possible cause of the failure. \n",
      "\u001b[1;31mClick <a href='https://aka.ms/vscodeJupyterKernelCrash'>here</a> for more info. \n",
      "\u001b[1;31mView Jupyter <a href='command:jupyter.viewOutput'>log</a> for further details."
     ]
    }
   ],
   "source": [
    "# Customize hamiltonian\n",
    "hcore_nao = np.einsum('pi,pq,qj->ij', C_nao, mf.get_hcore(), C_nao)\n",
    "#print('H_core in NAO: \\n', hcore_nao)\n",
    "overlap_nao = np.einsum('pi,pq,qj->ij', C_nao, mf.get_ovlp(), C_nao)\n",
    "#print('Overlap in NAO: \\n', overlap_nao)\n",
    "eri_nao = ao2mo.full(mf._eri, C_nao)\n",
    "#print('ERI in NAO: \\n', eri_nao)\n",
    "\n",
    "# calculate same molecule in NAO basis for check\n",
    "\n",
    "mf_nao = scf.RHF(mol_quantum)\n",
    "mf_nao.get_hcore = lambda *args: hcore_nao\n",
    "mf_nao.get_ovlp = lambda *args: overlap_nao\n",
    "mf_nao._eri = ao2mo.restore(8, eri_nao, len(C_nao)) # 8-fold symmetry\n",
    "mf_nao.init_guess = '1e'\n",
    "mf_nao.run()\n",
    "\n",
    "mf_nao.dump_scf_summary()\n",
    "\n",
    "ref_e_tot = mf_nao.e_tot"
   ]
  },
  {
   "cell_type": "code",
   "execution_count": 12,
   "metadata": {},
   "outputs": [
    {
     "name": "stdout",
     "output_type": "stream",
     "text": [
      "\n",
      "\n",
      "******** <class 'pyscf.scf.hf.RHF'> ********\n",
      "method = RHF\n",
      "initial guess = 1e\n",
      "damping factor = 0\n",
      "level_shift factor = 0\n",
      "DIIS = <class 'pyscf.scf.diis.CDIIS'>\n",
      "diis_start_cycle = 1\n",
      "diis_space = 8\n",
      "diis_damp = 0\n",
      "SCF conv_tol = 1e-09\n",
      "SCF conv_tol_grad = None\n",
      "SCF max_cycles = 50\n",
      "direct_scf = True\n",
      "direct_scf_tol = 1e-13\n",
      "chkfile to save SCF result = /tmp/tmpjmkm8jqd\n",
      "max_memory 4000 MB (current use 791 MB)\n",
      "Set gradient conv threshold to 3.16228e-05\n",
      "[[ 1.90729758e+01 -1.65583268e+00  1.40667048e-02  4.37513340e-02\n",
      "   6.95436375e-18 -1.36393383e-01 -1.36393383e-01 -2.23136003e-04\n",
      "  -2.95553885e-03 -1.55221193e-04  3.70776948e-03  3.78982940e-17\n",
      "  -2.06708958e-02 -1.07729782e-03]\n",
      " [-1.65583268e+00  1.05266298e+01 -2.35372900e-01  1.56488051e-01\n",
      "  -6.15157906e-17  5.36144762e-02  5.36144762e-02 -1.32397917e-03\n",
      "   3.50162759e-02  2.07914507e-03 -3.44549159e-02 -4.91290188e-16\n",
      "  -7.58012181e-02  7.32089578e-03]\n",
      " [ 1.40667048e-02 -2.35372900e-01  1.02183825e+01  5.52164448e-02\n",
      "  -7.26256655e-16  9.74185506e-02  9.74185506e-02 -7.85860452e-04\n",
      "   1.37857404e-02  6.18427563e-04 -1.29425986e-02 -1.21969120e-15\n",
      "  -4.26950869e-02  1.13695686e-03]\n",
      " [ 4.37513340e-02  1.56488051e-01  5.52164448e-02  1.02067889e+01\n",
      "  -6.72323811e-16  8.06944745e-02  8.06944745e-02 -3.53699162e-03\n",
      "   5.69150007e-02  8.17221296e-03 -5.10766882e-02 -2.29723114e-16\n",
      "  -1.74260289e-01  1.13010606e-02]\n",
      " [ 6.95436375e-18 -6.15157906e-17 -7.26256655e-16 -6.72323811e-16\n",
      "   1.04155315e+01 -2.30048087e-01  2.30048087e-01  2.14663776e-16\n",
      "  -2.52306386e-15 -1.05872522e-15 -2.05542685e-15 -3.56738064e-04\n",
      "  -2.09477775e-15  6.44808958e-16]\n",
      " [-1.36393383e-01  5.36144762e-02  9.74185506e-02  8.06944745e-02\n",
      "  -2.30048087e-01  6.36071293e+00 -6.30040154e-02 -2.04617212e-03\n",
      "   7.69562128e-03  3.47805387e-03 -7.63431903e-03 -3.21350976e-03\n",
      "  -2.31769429e-02  1.15803077e-03]\n",
      " [-1.36393383e-01  5.36144762e-02  9.74185506e-02  8.06944745e-02\n",
      "   2.30048087e-01 -6.30040154e-02  6.36071293e+00 -2.04617212e-03\n",
      "   7.69562128e-03  3.47805387e-03 -7.63431903e-03  3.21350976e-03\n",
      "  -2.31769429e-02  1.15803077e-03]\n",
      " [-2.23136003e-04 -1.32397917e-03 -7.85860452e-04 -3.53699162e-03\n",
      "   2.14663776e-16 -2.04617212e-03 -2.04617212e-03  1.90465631e+01\n",
      "  -1.65920149e+00 -1.33644163e-02 -2.87238581e-02  1.40321272e-17\n",
      "  -1.26359151e-01 -1.41520915e-01]\n",
      " [-2.95553885e-03  3.50162759e-02  1.37857404e-02  5.69150007e-02\n",
      "  -2.52306386e-15  7.69562128e-03  7.69562128e-03 -1.65920149e+00\n",
      "   1.04846676e+01  2.31844630e-01 -3.14408734e-01 -2.13070958e-16\n",
      "  -7.04428247e-02  5.88560535e-02]\n",
      " [-1.55221193e-04  2.07914507e-03  6.18427563e-04  8.17221296e-03\n",
      "  -1.05872522e-15  3.47805387e-03  3.47805387e-03 -1.33644163e-02\n",
      "   2.31844630e-01  1.02387576e+01  8.18406244e-02  5.83239133e-16\n",
      "   1.16218568e-02 -1.95347071e-01]\n",
      " [ 3.70776948e-03 -3.44549159e-02 -1.29425986e-02 -5.10766882e-02\n",
      "  -2.05542685e-15 -7.63431903e-03 -7.63431903e-03 -2.87238581e-02\n",
      "  -3.14408734e-01  8.18406244e-02  1.03571258e+01 -4.71896666e-16\n",
      "   2.42953168e-01 -1.77399468e-01]\n",
      " [ 3.78982940e-17 -4.91290188e-16 -1.21969120e-15 -2.29723114e-16\n",
      "  -3.56738064e-04 -3.21350976e-03  3.21350976e-03  1.40321272e-17\n",
      "  -2.13070958e-16  5.83239133e-16 -4.71896666e-16  1.00587357e+01\n",
      "   5.89043696e-17  3.06152777e-17]\n",
      " [-2.06708958e-02 -7.58012181e-02 -4.26950869e-02 -1.74260289e-01\n",
      "  -2.09477775e-15 -2.31769429e-02 -2.31769429e-02 -1.26359151e-01\n",
      "  -7.04428247e-02  1.16218568e-02  2.42953168e-01  5.89043696e-17\n",
      "   7.64560654e+00 -7.90609681e-02]\n",
      " [-1.07729782e-03  7.32089578e-03  1.13695686e-03  1.13010606e-02\n",
      "   6.44808958e-16  1.15803077e-03  1.15803077e-03 -1.41520915e-01\n",
      "   5.88560535e-02 -1.95347071e-01 -1.77399468e-01  3.06152777e-17\n",
      "  -7.90609681e-02  6.24208308e+00]] [[ 9.60071505e+00 -1.32222157e+00  2.29868215e-02  7.49953880e-03\n",
      "   2.30035503e-17 -4.99642515e-02 -4.99642515e-02 -1.45511575e-04\n",
      "  -4.48283870e-03 -3.63000550e-04  4.72023545e-03  3.06472384e-17\n",
      "  -4.57965931e-03 -1.13887893e-03]\n",
      " [-1.32222157e+00  2.59942714e+00  2.12878901e-01  7.88613921e-02\n",
      "   8.60495590e-16  3.19078733e-01  3.19078733e-01 -2.69327029e-03\n",
      "  -2.03221184e-03 -3.62638124e-03  1.16887246e-02 -1.29199324e-16\n",
      "   1.92830432e-02  3.53401683e-03]\n",
      " [ 2.29868215e-02  2.12878901e-01  1.95164819e+00 -1.24516121e-01\n",
      "  -1.46819093e-15 -2.49439993e-01 -2.49439993e-01 -1.02625677e-03\n",
      "   5.42747364e-04 -4.34259636e-04 -1.05046665e-03 -2.62093483e-16\n",
      "   2.35045269e-03 -1.72206001e-04]\n",
      " [ 7.49953880e-03  7.88613921e-02 -1.24516121e-01  2.20808122e+00\n",
      "  -8.40944417e-16 -9.30624755e-02 -9.30624755e-02 -4.88867946e-03\n",
      "  -5.10151263e-03 -5.21447422e-03  1.64424793e-02 -4.46427146e-17\n",
      "   2.00334650e-02  5.64464429e-03]\n",
      " [ 2.30035503e-17  8.60495590e-16 -1.46819093e-15 -8.40944417e-16\n",
      "   1.62536916e+00  3.36345757e-01 -3.36345757e-01  1.75760547e-16\n",
      "  -5.91723178e-16 -1.31750871e-16 -2.32968686e-16 -7.88091153e-04\n",
      "  -2.32019265e-16  1.02394202e-16]\n",
      " [-4.99642515e-02  3.19078733e-01 -2.49439993e-01 -9.30624755e-02\n",
      "   3.36345757e-01  7.44147685e-01 -1.23529754e-02 -2.06028811e-03\n",
      "   2.19946581e-03  1.19236594e-03 -3.85363404e-03 -4.33239008e-04\n",
      "  -5.80807554e-03  1.10892513e-05]\n",
      " [-4.99642515e-02  3.19078733e-01 -2.49439993e-01 -9.30624755e-02\n",
      "  -3.36345757e-01 -1.23529754e-02  7.44147685e-01 -2.06028811e-03\n",
      "   2.19946581e-03  1.19236594e-03 -3.85363404e-03  4.33239008e-04\n",
      "  -5.80807554e-03  1.10892513e-05]\n",
      " [-1.45511575e-04 -2.69327029e-03 -1.02625677e-03 -4.88867946e-03\n",
      "   1.75760547e-16 -2.06028811e-03 -2.06028811e-03  9.60200932e+00\n",
      "  -1.32078838e+00 -2.22703859e-02  1.14591615e-02  1.29609558e-17\n",
      "  -4.86592399e-02 -5.29165851e-02]\n",
      " [-4.48283870e-03 -2.03221184e-03  5.42747364e-04 -5.10151263e-03\n",
      "  -5.91723178e-16  2.19946581e-03  2.19946581e-03 -1.32078838e+00\n",
      "   2.60422011e+00 -2.09355667e-01  9.50267067e-02 -5.30024240e-17\n",
      "   3.12598749e-01  3.20291257e-01]\n",
      " [-3.63000550e-04 -3.62638124e-03 -4.34259636e-04 -5.21447422e-03\n",
      "  -1.31750871e-16  1.19236594e-03  1.19236594e-03 -2.22703859e-02\n",
      "  -2.09355667e-01  1.82783613e+00 -1.29347692e-01  1.26833757e-16\n",
      "   8.12323040e-02  3.97494897e-01]\n",
      " [ 4.72023545e-03  1.16887246e-02 -1.05046665e-03  1.64424793e-02\n",
      "  -2.32968686e-16 -3.85363404e-03 -3.85363404e-03  1.14591615e-02\n",
      "   9.50267067e-02 -1.29347692e-01  1.71080340e+00 -9.96294116e-17\n",
      "  -4.08983677e-01  1.79695131e-01]\n",
      " [ 3.06472384e-17 -1.29199324e-16 -2.62093483e-16 -4.46427146e-17\n",
      "  -7.88091153e-04 -4.33239008e-04  4.33239008e-04  1.29609558e-17\n",
      "  -5.30024240e-17  1.26833757e-16 -9.96294116e-17  2.27157843e+00\n",
      "   1.78012444e-17  1.03938616e-17]\n",
      " [-4.57965931e-03  1.92830432e-02  2.35045269e-03  2.00334650e-02\n",
      "  -2.32019265e-16 -5.80807554e-03 -5.80807554e-03 -4.86592399e-02\n",
      "   3.12598749e-01  8.12323040e-02 -4.08983677e-01  1.78012444e-17\n",
      "   7.56807520e-01 -1.29465564e-02]\n",
      " [-1.13887893e-03  3.53401683e-03 -1.72206001e-04  5.64464429e-03\n",
      "   1.02394202e-16  1.10892513e-05  1.10892513e-05 -5.29165851e-02\n",
      "   3.20291257e-01  3.97494897e-01  1.79695131e-01  1.03938616e-17\n",
      "  -1.29465564e-02  7.70806868e-01]]\n",
      "[[ 1.90895761e+01 -1.65701260e+00  1.41336364e-02  4.39613697e-02\n",
      "   8.55120127e-18 -1.36634647e-01 -1.36634647e-01 -2.18110984e-20\n",
      "   2.35475159e-19  4.07634606e-20 -2.83544279e-19  5.08610155e-22\n",
      "  -4.01154804e-18 -4.29141302e-19]\n",
      " [-1.65701260e+00  1.05335949e+01 -2.35682358e-01  1.55160453e-01\n",
      "  -5.62241147e-17  5.34092290e-02  5.34092290e-02 -5.57347679e-19\n",
      "  -1.30917412e-17 -9.35124374e-19 -3.46944695e-18 -6.18313418e-21\n",
      "  -7.19910243e-17  2.00577402e-18]\n",
      " [ 1.41336364e-02 -2.35682358e-01  1.02252037e+01  5.53799323e-02\n",
      "  -7.26479314e-16  9.77108844e-02  9.77108844e-02  1.85076699e-19\n",
      "  -6.69833655e-18  2.10064171e-19 -2.19550940e-18 -2.12688308e-21\n",
      "  -3.68628739e-18  2.30392962e-19]\n",
      " [ 4.39613697e-02  1.55160453e-01  5.53799323e-02  1.02134328e+01\n",
      "  -6.70535739e-16  8.05313868e-02  8.05313868e-02  9.69005692e-19\n",
      "   4.23516474e-18  9.75781955e-19  1.35796322e-17  4.05946620e-22\n",
      "   6.50521303e-19 -5.42101086e-19]\n",
      " [ 8.55120127e-18 -5.62241147e-17 -7.26479314e-16 -6.70535739e-16\n",
      "   1.04227721e+01 -2.30644555e-01  2.30644555e-01 -4.19018239e-22\n",
      "  -4.04460536e-20 -3.45818982e-20  1.34985426e-19 -2.23616698e-19\n",
      "  -3.19199681e-20  6.89671424e-21]\n",
      " [-1.36634647e-01  5.34092290e-02  9.77108844e-02  8.05313868e-02\n",
      "  -2.30644555e-01  6.36175398e+00 -6.30800958e-02  1.34953524e-18\n",
      "   2.66561269e-18 -1.19262239e-18 -1.01643954e-19  9.96110746e-19\n",
      "   5.25838054e-18 -6.77626358e-20]\n",
      " [-1.36634647e-01  5.34092290e-02  9.77108844e-02  8.05313868e-02\n",
      "   2.30644555e-01 -6.30800958e-02  6.36175398e+00  8.07857673e-19\n",
      "  -7.46024268e-19 -2.41234983e-18 -1.26377316e-18 -5.82758668e-19\n",
      "   1.45283091e-17  4.06575815e-20]\n",
      " [-2.18110984e-20 -5.57347679e-19  1.85076699e-19  9.69005692e-19\n",
      "  -4.19018239e-22  1.34953524e-18  8.07857673e-19  1.90512202e+01\n",
      "  -1.65942285e+00 -1.32894211e-02 -2.89244141e-02  1.38127218e-17\n",
      "  -1.26431501e-01 -1.41574770e-01]\n",
      " [ 2.35475159e-19 -1.30917412e-17 -6.69833655e-18  4.23516474e-18\n",
      "  -4.04460536e-20  2.66561269e-18 -7.46024268e-19 -1.65942285e+00\n",
      "   1.04874653e+01  2.32223860e-01 -3.15009938e-01 -2.13906498e-16\n",
      "  -7.01166567e-02  5.88541603e-02]\n",
      " [ 4.07634606e-20 -9.35124374e-19  2.10064171e-19  9.75781955e-19\n",
      "  -3.45818982e-20 -1.19262239e-18 -2.41234983e-18 -1.32894211e-02\n",
      "   2.32223860e-01  1.02414697e+01  8.17222489e-02  5.83421847e-16\n",
      "   1.17921487e-02 -1.95446889e-01]\n",
      " [-2.83544279e-19 -3.46944695e-18 -2.19550940e-18  1.35796322e-17\n",
      "   1.34985426e-19 -1.01643954e-19 -1.26377316e-18 -2.89244141e-02\n",
      "  -3.15009938e-01  8.17222489e-02  1.03602433e+01 -4.71600952e-16\n",
      "   2.42674120e-01 -1.77447506e-01]\n",
      " [ 5.08610155e-22 -6.18313418e-21 -2.12688308e-21  4.05946620e-22\n",
      "  -2.23616698e-19  9.96110746e-19 -5.82758668e-19  1.38127218e-17\n",
      "  -2.13906498e-16  5.83421847e-16 -4.71600952e-16  1.00613215e+01\n",
      "   5.88665134e-17  3.05957259e-17]\n",
      " [-4.01154804e-18 -7.19910243e-17 -3.68628739e-18  6.50521303e-19\n",
      "  -3.19199681e-20  5.25838054e-18  1.45283091e-17 -1.26431501e-01\n",
      "  -7.01166567e-02  1.17921487e-02  2.42674120e-01  5.88665134e-17\n",
      "   7.64589840e+00 -7.90988091e-02]\n",
      " [-4.29141302e-19  2.00577402e-18  2.30392962e-19 -5.42101086e-19\n",
      "   6.89671424e-21 -6.77626358e-20  4.06575815e-20 -1.41574770e-01\n",
      "   5.88541603e-02 -1.95446889e-01 -1.77447506e-01  3.05957259e-17\n",
      "  -7.90988091e-02  6.24302197e+00]] [[ 9.60186288e+00 -1.32118055e+00  2.30311076e-02  7.96246099e-03\n",
      "   2.43539575e-17 -5.00971185e-02 -5.00971185e-02  9.20155713e-21\n",
      "   3.45960019e-19  1.32904763e-19  6.31714525e-19 -6.63569449e-21\n",
      "  -6.29451359e-20 -5.04116953e-20]\n",
      " [-1.32118055e+00  2.60195877e+00  2.13038992e-01  7.97981371e-02\n",
      "   8.74370803e-16  3.18657219e-01  3.18657219e-01 -8.72867452e-19\n",
      "   6.65344380e-18 -9.19877781e-19  2.37084522e-18  4.75431061e-20\n",
      "  -4.20805968e-18  6.50521303e-19]\n",
      " [ 2.30311076e-02  2.13038992e-01  1.95295724e+00 -1.23711550e-01\n",
      "  -1.46508499e-15 -2.49347258e-01 -2.49347258e-01  4.94640771e-19\n",
      "  -5.64970976e-19  1.03338020e-19 -8.21621959e-20  1.87979010e-20\n",
      "  -2.31578808e-18 -6.77626358e-20]\n",
      " [ 7.96246099e-03  7.97981371e-02 -1.23711550e-01  2.21343281e+00\n",
      "  -8.14643731e-16 -9.32729094e-02 -9.32729094e-02 -8.02987234e-19\n",
      "  -5.47098581e-18  2.11927643e-18  3.71000431e-19  1.48093303e-20\n",
      "  -3.79470760e-19  2.16840434e-19]\n",
      " [ 2.43538119e-17  8.74371174e-16 -1.46508500e-15 -8.14644551e-16\n",
      "   1.62681815e+00  3.36123171e-01 -3.36123171e-01  2.54369482e-22\n",
      "  -7.16983026e-20 -8.67173505e-21 -1.14114577e-20  1.07890822e-19\n",
      "  -1.97266348e-19 -5.82222165e-21]\n",
      " [-5.00971185e-02  3.18657219e-01 -2.49347258e-01 -9.32729094e-02\n",
      "   3.36123171e-01  7.43923660e-01 -1.24268524e-02  2.00958567e-18\n",
      "   4.37492517e-19 -4.48080429e-19  2.59192082e-19 -9.78323054e-20\n",
      "   4.30292737e-19 -1.49077799e-19]\n",
      " [-5.00971185e-02  3.18657219e-01 -2.49347258e-01 -9.32729094e-02\n",
      "  -3.36123171e-01 -1.24268524e-02  7.43923660e-01  2.58810917e-18\n",
      "  -9.67735142e-20 -7.62329653e-20  2.72659906e-18  6.55391743e-20\n",
      "   4.69425659e-18 -9.48676901e-20]\n",
      " [ 3.57391655e-20  2.50382939e-18  1.07917291e-19  6.44592073e-19\n",
      "  -6.80830859e-22  1.20998657e-18  1.39209865e-18  9.60227728e+00\n",
      "  -1.32066863e+00 -2.22515103e-02  1.14030404e-02  1.28330719e-17\n",
      "  -4.87151904e-02 -5.29287146e-02]\n",
      " [ 1.52465931e-19  3.86331727e-18 -9.04631188e-19 -1.30205905e-17\n",
      "  -1.07065498e-19  5.10972625e-19 -1.92911754e-19 -1.32066863e+00\n",
      "   2.60459757e+00 -2.09283843e-01  9.47943029e-02 -5.49916024e-17\n",
      "   3.12534469e-01  3.20277641e-01]\n",
      " [ 2.04373168e-19 -3.89126936e-18 -1.91429446e-19  3.18145575e-18\n",
      "  -1.18765078e-20  1.18584613e-20  1.02999206e-18 -2.22515103e-02\n",
      "  -2.09283843e-01  1.82810914e+00 -1.29435467e-01  1.26705349e-16\n",
      "   8.12581410e-02  3.97464285e-01]\n",
      " [ 7.00681536e-19 -3.93912672e-18  1.05879118e-18 -5.61921657e-18\n",
      "  -3.04735043e-20  1.21295118e-18  1.10198986e-18  1.14030404e-02\n",
      "   9.47943029e-02 -1.29435467e-01  1.71155730e+00 -9.68333028e-17\n",
      "  -4.08955674e-01  1.79685572e-01]\n",
      " [-4.97591979e-21  1.59311956e-20  2.31045910e-20  6.08418250e-21\n",
      "   2.74226917e-20 -1.26631426e-19  3.41142520e-19  1.28329479e-17\n",
      "  -5.49911805e-17  1.26705357e-16 -9.68333161e-17  2.27180540e+00\n",
      "   2.21636494e-17  1.03184768e-17]\n",
      " [ 1.64329686e-18 -6.57636380e-18 -1.91175336e-18  3.87466751e-17\n",
      "   9.60344838e-20 -1.76013446e-18 -9.77476021e-19 -4.87151904e-02\n",
      "   3.12534469e-01  8.12581410e-02 -4.08955674e-01  2.21638835e-17\n",
      "   7.57861111e-01 -1.29351284e-02]\n",
      " [-1.40435416e-19  2.71050543e-19  1.89735380e-19 -1.08420217e-18\n",
      "   1.26299991e-22 -2.03287907e-19  5.42101086e-20 -5.29287146e-02\n",
      "   3.20277641e-01  3.97464285e-01  1.79685572e-01  1.03184495e-17\n",
      "  -1.29351284e-02  7.70803028e-01]]\n",
      "init E= -149.861095539957\n",
      "  HOMO = -0.352427918502473  LUMO = 0.580574332364038\n",
      "cycle= 1 E= -149.902004625341  delta_E= -0.0409  |g|= 0.0173  |ddm|= 0.367\n",
      "  HOMO = -0.369273701128593  LUMO = 0.591071191930744\n",
      "cycle= 2 E= -149.902113267638  delta_E= -0.000109  |g|= 0.00277  |ddm|= 0.0186\n",
      "  HOMO = -0.366756859124479  LUMO = 0.589615545867644\n",
      "cycle= 3 E= -149.902116651684  delta_E= -3.38e-06  |g|= 0.000875  |ddm|= 0.00278\n",
      "  HOMO = -0.366903749110585  LUMO = 0.589820089367372\n",
      "cycle= 4 E= -149.902117187005  delta_E= -5.35e-07  |g|= 0.000132  |ddm|= 0.00161\n",
      "  HOMO = -0.366873328581696  LUMO = 0.589823638357043\n",
      "cycle= 5 E= -149.90211720119  delta_E= -1.42e-08  |g|= 1.5e-05  |ddm|= 0.00028\n",
      "  HOMO = -0.366883139171727  LUMO = 0.589821066962366\n",
      "cycle= 6 E= -149.90211720137  delta_E= -1.81e-10  |g|= 3.03e-06  |ddm|= 3.21e-05\n",
      "  HOMO = -0.366882250669957  LUMO = 0.589821183469941\n",
      "Extra cycle  E= -149.902117201377  delta_E= -6.2e-12  |g|= 1.35e-06  |ddm|= 4.05e-06\n",
      "converged SCF energy = -149.902117201377\n",
      "**** SCF Summaries ****\n",
      "Total Energy =                        -149.902117201376683\n",
      "Nuclear Repulsion Energy =              37.318039156694276\n",
      "One-electron Energy =                 -282.730023249258579\n",
      "Two-electron Energy =                   95.509866891187613\n",
      "Energy difference (kcal/mol): \n",
      " -20.28081718026075\n"
     ]
    }
   ],
   "source": [
    "def eri_index(p, q, r, s):\n",
    "    # enforce ordering\n",
    "    if p < q:\n",
    "        p, q = q, p\n",
    "    if r < s:\n",
    "        r, s = s, r\n",
    "\n",
    "    pq = p*(p+1)//2 + q\n",
    "    rs = r*(r+1)//2 + s\n",
    "    if pq < rs:\n",
    "        pq, rs = rs, pq\n",
    "\n",
    "    return pq*(pq+1)//2 + rs\n",
    "\n",
    "\n",
    "def tstb_get_veff(self, mol, dm, dm_last=None, vhf_last=None, hermi=1, vhfopt=None):\n",
    "    '''Hartree-Fock potential matrix for the given density matrix\n",
    "    Args:\n",
    "        mol : an instance of :class:`Mole`\n",
    "        dm : ndarray or list of ndarrays\n",
    "            A density matrix or a list of density matrices\n",
    "    Kwargs:\n",
    "        dm_last : ndarray or a list of ndarrays or 0\n",
    "            The density matrix baseline.  If not 0, this function computes the\n",
    "            increment of HF potential w.r.t. the reference HF potential matrix.\n",
    "        vhf_last : ndarray or a list of ndarrays or 0\n",
    "            The reference HF potential matrix.\n",
    "        hermi : int\n",
    "            Whether J, K matrix is hermitian\n",
    "\n",
    "            | 0 : no hermitian or symmetric\n",
    "            | 1 : hermitian\n",
    "            | 2 : anti-hermitian\n",
    "        vhfopt :\n",
    "            A class which holds precomputed quantities to optimize the\n",
    "            computation of J, K matrices\n",
    "    Returns:\n",
    "        TS/TB-corrected(!) matrix Vhf = 2*J - K.  Vhf can be a list matrices, corresponding to the\n",
    "        input density matrices.\n",
    "    '''\n",
    "    if dm_last is None:\n",
    "        vj, vk = self.get_jk(mol, np.asarray(dm))\n",
    "        print(vj, vk)\n",
    "        vj, vk = correct_veff(mol, vj, vk, dm)\n",
    "        print(vj, vk)\n",
    "        return vj - vk * .5\n",
    "    else:\n",
    "        ddm = np.asarray(dm) - np.asarray(dm_last)\n",
    "        vj, vk = self.get_jk(mol, ddm)\n",
    "        vj, vk = correct_veff(mol, vj, vk, ddm)\n",
    "        return vj - vk * .5 + np.asarray(vhf_last)\n",
    "\n",
    "def correct_veff(mol, vj, vk, dm):\n",
    "    nao = mol.nao_nr()\n",
    "    # Zero out ERI contribution\n",
    "    for p in range(nao):\n",
    "        for q in range(nao):\n",
    "            if (p in fragments_tstb[0] and q in fragments_tstb[1]) or \\\n",
    "               (q in fragments_tstb[0] and p in fragments_tstb[1]):\n",
    "                for r in range(nao):\n",
    "                    for s in range(nao):\n",
    "                        # Coulomb term\n",
    "                        idx = eri_index(p, q, r, s)\n",
    "                        vj[p, q] -= dm[r, s] * eri[idx]\n",
    "                        # Exchange term\n",
    "                        idx_ex = eri_index(p, r, q, s)\n",
    "                        vk[p, q] -= dm[r, s] * eri[idx_ex]\n",
    "            else:\n",
    "                for r in range(nao):\n",
    "                      for s in range(nao):\n",
    "                          if (r in fragments_tstb[0] and s in fragments_tstb[1]) or \\\n",
    "                             (s in fragments_tstb[0] and r in fragments_tstb[1]):\n",
    "                            # Coulomb term\n",
    "                            idx = eri_index(p, q, r, s)\n",
    "                            vj[p, q] -= dm[r, s] * eri[idx]\n",
    "                            # Exchange term\n",
    "                            idx_ex = eri_index(p, r, q, s)\n",
    "                            vk[p, q] -= dm[r, s] * eri[idx_ex]\n",
    "    return vj, vk\n",
    "\n",
    "hcore_tstb = mf_nao.get_hcore().copy()\n",
    "overlap_tstb = mf_nao.get_ovlp().copy()\n",
    "\n",
    "#print('Hcore_tstb:\\n,', hcore_tstb)\n",
    "#print('Overlap_tstb:\\n,', overlap_tstb)\n",
    "\n",
    "\n",
    "for i in fragments_tstb[0]:\n",
    "    for j in fragments_tstb[1]:\n",
    "        hcore_tstb[i, j] = 0\n",
    "        hcore_tstb[j, i] = 0\n",
    "        overlap_tstb[i, j] = 0\n",
    "        overlap_tstb[j, i] = 0\n",
    "        \n",
    "eri = mf_nao._eri\n",
    "mf_nao.get_veff = tstb_get_veff.__get__(mf_nao, scf.hf.RHF)\n",
    "mf_nao.get_hcore = lambda *args: hcore_tstb\n",
    "mf_nao.get_ovlp = lambda *args: overlap_tstb\n",
